adios.jpg 14548
160 00000000
131 00000001
9 00000010
153 00000011
181 0000010
174 0000011
136 00001000
135 00001001
133 00001010
97 00001011
47 00001100
159 00001101
68 00001110
13 00001111
253 00010000
161 00010001
132 00010010
129 00010011
16 00010100
232 00010101
204 00010110
151 00010111
173 0001100
95 00011010
242 00011011
138 0001110
223 00011110
191 00011111
155 00100000
114 00100001
108 00100010
49 00100011
11 00100100
251 00100101
239 00100110
224 00100111
206 00101000
176 00101001
116 00101010
100 00101011
98 00101100
66 00101101
37 00101110
34 00101111
27 00110000
190 00110001
178 00110010
148 00110011
5 00110100
254 00110101
246 00110110
193 00110111
150 00111000
139 00111001
84 00111010
80 00111011
48 00111100
8 00111101
216 00111110
209 00111111
144 01000000
141 01000001
18 01000010
236 01000011
219 01000100
195 01000101
166 01000110
162 01000111
104 01001000
101 01001001
96 01001010
241 01001011
186 01001100
130 01001101
125 01001110
124 01001111
112 01010000
83 01010001
64 01010010
58 01010011
15 01010100
249 01010101
247 01010110
67 01010111
65 01011000
50 01011001
22 01011010
255 01011011
30 0101110
169 01011110
137 01011111
106 01100000
102 01100001
57 01100010
29 01100011
243 01100100
235 01100101
234 01100110
184 01100111
163 01101000
143 01101001
118 01101010
56 01101011
41 01101100
23 01101101
10 01101110
2 01101111
250 01110000
202 01110001
171 01110010
120 01110011
62 01110100
221 01110101
217 01110110
201 01110111
194 01111000
121 01111001
59 01111010
32 01111011
6 01111100
4 01111101
237 01111110
220 01111111
200 10000000
197 10000001
170 10000010
91 10000011
86 10000100
82 10000101
46 10000110
39 10000111
26 10001000
17 10001001
12 10001010
238 10001011
225 10001100
111 10001101
69 10001110
44 10001111
245 10010000
189 10010001
127 10010010
123 10010011
81 10010100
28 10010101
21 10010110
20 10010111
229 10011000
192 10011001
164 10011010
157 10011011
146 10011100
99 10011101
78 10011110
61 10011111
45 10100000
42 10100001
14 10100010
233 10100011
213 10100100
145 10100101
119 10100110
109 10100111
90 10101000
74 10101001
35 10101010
25 10101011
215 10101100
188 10101101
175 10101110
54 10101111
187 10110000
168 10110001
79 10110010
75 10110011
31 10110100
24 10110101
252 10110110
207 10110111
172 10111000
154 10111001
147 10111010
140 10111011
122 10111100
115 10111101
72 10111110
33 101111110
256 1011111110
38 1011111111
203 11000000
196 11000001
183 11000010
89 11000011
87 11000100
85 11000101
77 11000110
7 11000111
210 11001000
149 11001001
93 11001010
92 11001011
73 11001100
179 110011010
19 110011011
240 11001110
230 11001111
226 11010000
182 11010001
105 11010010
88 11010011
51 11010100
248 11010101
212 11010110
211 11010111
177 11011000
113 11011001
110 11011010
231 11011011
228 11011100
71 11011101
55 11011110
76 110111110
208 110111111
222 11100000
180 11100001
165 11100010
117 11100011
63 11100100
60 11100101
3 11100110
103 11100111
0 1110100
218 11101010
205 11101011
198 11101100
152 111011010
134 111011011
244 11101110
227 11101111
185 11110000
158 11110001
43 11110010
1 11110011
40 111101000
128 111101001
156 11110101
214 11110110
167 11110111
94 11111000
53 11111001
52 111110100
126 111110101
199 11111011
70 11111100
36 11111101
142 11111110
107 11111111
